15
25
-1 -1 -1 -1 -1 -1 -1 -1 -1 -1 0 0 -1 -1 -1 -1 -1 -1 -1 -1 -1 -1 -1 -1 -1 
-1 2 2 2 2 2 2 2 2 2 0 0 0|5 0|5 0|5 0|5 0|5 0|5 0|5 0|5 0 2 2 2 -1 
-1 2 2 -6 -7 -7 -7 -7 2 2 0 0|5 3|5 -5|5 -4|5 3|5 3|5 3|5 -3|5 3|5 0|5 2 2 2 -1 
-1 2 2 -8 -8 -8 -8 -8 2 2 0 0|5 3|5 -5|5 -5|5 -3|5 1|5 1|5 -3|5 3|5 0|5 -21|10001 2 2 -1 
-1 2 2 -9 -10 -10 -10 -9 2 2 0 0|5 3|5 -3|5 -5|5 -5|5 1|5 3|5 3|5 3|5 0|5 2 2 2 -1 
-1 2 2 -11 -12 -13 -14 -15 2 2 0 0|5 -4|5 3|5 -5|5 1|5 1|5 -4|5 -4|5 3|5 0|5 2 2 2 -1 
-1 2 2 -16 -17 -18 -19 -20 2 2 0 0|5 -3|5 3|5 1|5 1|5 -3|5 -4|5 3|5 9|5 0|5 2 2 2 -1 
-1 2 2 2 2 0 2 2 -21|10002 2 0 0|5 3|5 3|5 -3|5 1|5 1|5 -4|5 -4|5 8|5 0|5 2 2 2 -1 
-1 0 0 0 0 0 0 0 0 0 0 0|5 3|5 3|5 -3|5 -4|5 1|5 5|5 6|5 7|5 0|5 2 2 2 -1 
-1 0 0 0 0 0 0 0 0 0 0 0|5 3|5 -3|5 3|5 3|5 -3|5 3|5 3|5 3|5 0|5 2 2 2 -1 
-1 2 2 2 2 2 2 2 2 2 2 0 0|5 0|5 0|5 0|5 0|5 0|5 0|5 0|5 0 2 2 2 -1 
-1 2 2 2 2 2 2 2 2 2 2 2 2 2 2 2 2 2 2 2 2 2 2 2 -1 
-1 2 2 2 2 2 2 2 2 2 2 2 2 2 2 2 2 2 2 2 2 2 2 2 -1 
-1 2 2 2 2 2 2 2 2 2 2 2 2 2 2 2 2 2 2 2 2 2 2 2 -1 
-1 -1 -1 -1 -1 -1 -1 -1 -1 -1 -1 -1 -1 -1 -1 -1 -1 -1 -1 -1 -1 -1 -1 -1 -1 
