15
25
-99999 -99999 -99999 -99999 -99999 -99999 -99999 -99999 -99999 -99999 -99999 -99999 -99999 -99999 -99999 -99999 -99999 -99999 -99999 -99999 -99999 -99999 -99999 -99999 -99999 
-99999 -99999 -99999 -99999 -99999 -99999 -99999 -99999 -99999 -99999 -99999 -99999 -99999 -99999 -99999 -99999 -99999 -99999 -99999 -99999 -99999 -99999 -99999 -99999 -99999 
-99999 -99999 -99999 -99999 -99999 -99999 -99999 -99999 -99999 -99999 -99999 -99999 -99999 -99999 -99999 -99999 -99999 -99999 -99999 -99999 -99999 -99999 -99999 -99999 -99999 
-99999 -99999 -99999 -99999 -99999 -99999 -99999 -99999 -99999 -99999 -99999 -99999 -99999 -99999 -99999 -99999 -99999 -99999 -99999 -99999 -99999 -99999 -99999 -99999 -99999 
-24 -24 -24 -24 -59 -60 -24 -24 -24 -24 -99999 -99999 -99999 -99999 -99999 -99999 -99999 -99999 -99999 -99999 -99999 -99999 -99999 -99999 -99999 
-23 -52 -52 -52 -61 -62 -67 -73 -74 -23 -99999 -99999 -99999 -99999 -99999 -99999 -99999 -99999 -99999 -99999 -99999 -99999 -99999 -99999 -99999 
-23 -52 -52 -58 -63 -64 -68 -75 -76 -23 -99999 -99999 -99999 -99999 -99999 -99999 -99999 -99999 -99999 -99999 -99999 -99999 -99999 -99999 -99999 
-23 -46 -47 -57 -65 -66 -69 -77 -78 -23 -99999 -99999 -99999 -99999 -99999 -99999 -99999 -99999 -99999 -99999 -99999 -99999 -99999 -99999 -99999 
-23 -48 -49 4 4 4 4 4 4 -23 -99999 -99999 -99999 -99999 -99999 -99999 -99999 -99999 -99999 -99999 -99999 -99999 -99999 -99999 -99999 
-23 -50 -51 4 4 4 4 4 4 -23 -99999 -99999 -99999 -99999 -99999 -99999 -99999 -99999 -99999 -99999 -99999 -99999 -99999 -99999 -99999 
-23 4 4 4 4 4 4 4 4 -23 -99999 -99999 -99999 -99999 -99999 -99999 -99999 -99999 -99999 -99999 -99999 -99999 -99999 -99999 -99999 
-23 -53 -54 4 4 4 4 4 4 -23 -99999 -99999 -99999 -99999 -99999 -99999 -99999 -99999 -99999 -99999 -99999 -99999 -99999 -99999 -99999 
-23 -55 -56 4 4 4|20002 -70 -71 -72 -23 -99999 -99999 -99999 -99999 -99999 -99999 -99999 -99999 -99999 -99999 -99999 -99999 -99999 -99999 -99999 
-23 -24 -24 -24 -24 -99999 -24 -24 -24 -23 -99999 -99999 -99999 -99999 -99999 -99999 -99999 -99999 -99999 -99999 -99999 -99999 -99999 -99999 -99999 
-99999 -99999 -99999 -99999 -99999 -99999 -99999 -99999 -99999 -99999 -99999 -99999 -99999 -99999 -99999 -99999 -99999 -99999 -99999 -99999 -99999 -99999 -99999 -99999 -99999 
