15
25
-1 -1 -1 -1 -1 -1 -1 -1 -1 -1 -1 -1 -1 -1 -1 -1 -99999|20005 -1 -1 -1 -1 -1 -1 -1 -1 
-1 -3|5 1|5 1|5 -5|5 1|5 -3|5 2|5 -21|10002 -6 -7 -7 -7 -7 10|10011 -199|10011 2|10011 -45 -79 -80 -80 -80 -45 -45 -1 
-1 -5|5 1|5 -3|5 1|5 -5|5 1|5 2|5 10 -8 -8 -8 -8 -8 10 2|10011 2 2 -81 -82 -82 -82 -45 -45 -1 
-1 1|5 -5|5 1|5 -3|5 1|5 -3|5 2|5 10 -9 -10 -10 -10 -10 10 2 2 2 -83 -84 -84 -84 -45 -45 -1 
-1 -3|5 -3|5 -5|5 -5|5 -3|5 1|5 2|5 10 -11 -12 -13 -14 -15 10 2 2 2 -85 -86 -87 -88 -45 -45 -1 
-1 -5|5 1|5 1|5 -5|5 1|5 -3|5 2|5 10 -16 -17 -18|20001 -19 -20 10 2 2 -21|10008 -89 -90|20003 -91 -92 -45 -45 -1 
-1 -3|5 1|5 -3|5 1|5 -5|5 1|5 2|5 10 -21|10001 10 0 10 10 10 2 2 2 2 2|20003 2 2 2 -45 -1 
-1 2|5 2|5 2|5 -21|10003 2|5 2|5 2 2 2 2 0 2 2 2 2 2 2 2 2 2 2 2 -45 -1 
-1 2 2 2 2 2 2 2 2 2 2 0 2 -200 -201 2 -25 -26 -27 -26 -26 -28 2 -45 -1 
-1 0|5 0|5 0|5 0|5 0|5 0|5 0|5 0|5 0|5 0 0 2 -202 -203 2 -29 -29 -29 -29 -29 -29 2 -45 -1 
-1 -3|5 -3|5 -3|5 -3|5 -5|5 -3|5 -3|5 -3|5 -3|5 2|5 0 2 2 2 2 -30 -31 -32 -33 -34 -35 2 -45 -1 
-1 -3|5 -3|5 -5|5 -3|5 -3|5 -3|5 -5|5 -3|5 -3|5 2|5 0 2 2 2 -21|10006 -36 -37 -38|6 -39 -40 -41 2 -45 -1 
-1 -3|5 -3|5 -3|5 -3|5 -5|5 -3|5 -3|5 -3|5 -3|5 2|5 0 2 2 2 2 2 2 0 2 2 2 2 -45 -1 
-1 -3|5 -5|5 -3|5 -3|5 -3|5 -3|5 -5|5 -3|5 -3|5 2|5 0 0 0 0 0 0 0 0 2 2 2 2 2 -1 
-1 -1 -1 -1 -1 -1 -1 -1 -1 -1 -1 -1 -1 -1 -1 -1 -1 -1 -1 -1 -1 -1 -1 -1 -1 
