15
25
-24 -24 -24 -24 -24 -24 -24 -24 -24 -24 -24 -24 -24 -99999 -99999 -99999 -99999 -99999 -99999 -99999 -99999 -99999 -99999 -99999 -99999 
-23 -93 -93 -93 -93 -93 -93 -93 -93 -93 -93 -93 -23 -99999 -99999 -99999 -99999 -99999 -99999 -99999 -99999 -99999 -99999 -99999 -99999 
-23 -94 -94 -94 -94 -94 -94 -94 -94 -94 -94 -94 -23 -99999 -99999 -99999 -99999 -99999 -99999 -99999 -99999 -99999 -99999 -99999 -99999 
-23 -105 -106 -106 -106 -106 -107 -95 -95 -95 -95 -95 -23 -99999 -99999 -99999 -99999 -99999 -99999 -99999 -99999 -99999 -99999 -99999 -99999 
-23 -108 -109 -109 -109 -109 -110 -96 11 11 -101 -102 -23 -99999 -99999 -99999 -99999 -99999 -99999 -99999 -99999 -99999 -99999 -99999 -99999 
-23 -111 -112 -112 -112 -112 -113 12 13 11 -103 -104 -23 -99999 -99999 -99999 -99999 -99999 -99999 -99999 -99999 -99999 -99999 -99999 -99999 
-23 11 12 13 11 11 11 11 11 11 11 -96 -23 -99999 -99999 -99999 -99999 -99999 -99999 -99999 -99999 -99999 -99999 -99999 -99999 
-23 11 11 11 11 12 13 11 11 11 11 11 -23 -99999 -99999 -99999 -99999 -99999 -99999 -99999 -99999 -99999 -99999 -99999 -99999 
-23 11 25 26 27 11 11 19 20 21 11 11 -23 -99999 -99999 -99999 -99999 -99999 -99999 -99999 -99999 -99999 -99999 -99999 -99999 
-23 28 29 30 11 11 11 22 23 24 11 11 -23 -99999 -99999 -99999 -99999 -99999 -99999 -99999 -99999 -99999 -99999 -99999 -99999 
-23 11 11 14 15 16 11 11 11 11 11 11 -23 -99999 -99999 -99999 -99999 -99999 -99999 -99999 -99999 -99999 -99999 -99999 -99999 
-23 -96 11 11 17 18 31 32 11 11 11 -96 -23 -99999 -99999 -99999 -99999 -99999 -99999 -99999 -99999 -99999 -99999 -99999 -99999 
-23 -97 -98 11 11 11 33 34 35 11 11 -114 -23 -99999 -99999 -99999 -99999 -99999 -99999 -99999 -99999 -99999 -99999 -99999 -99999 
-23 -99 -100 12 13 11 11|20004 11 11 12 13 -115 -23 -99999 -99999 -99999 -99999 -99999 -99999 -99999 -99999 -99999 -99999 -99999 -99999 
-24 -24 -24 -24 -24 -24 -99999 -24 -24 -24 -24 -24 -24 -99999 -99999 -99999 -99999 -99999 -99999 -99999 -99999 -99999 -99999 -99999 -99999 
