15
25
-1 -1 -1 -1 -1 -1 -1 -1 -1 -1 -1 -1 -1 -1 -1 -1 -1 -1 -1 -1 -1 -1 -1 -1 -1 
-1 -45 -45 -45 -45 -45 -45 -45 -45 -45 -45 -45 2 -45 -45 -45 -45 -45 -45 -45 -45 -45 -45 -45 -1 
-1 -45 -175 -176 -176 -176 -176 -176 -177 -178 -45 2 2 2 -45 -45 -45 -45 -45 -45 -45 -45 -45 -45 -1 
-1 -45 -179 -180 -180 -180 -180 -180 -180 -181 -45 2 -45 2 -45 10 10 10 10 10 10 10 10 -45 -1 
-1 -45 -182 -183 -184 -185 -186 -187 -188 -189 -45 2 -45 2 -45 10 -165 -166 -166 -166 -166 -167 10 -45 -1 
-1 -45 -190 -191 -192 -193 -194 -195|10 -196 -197 -45 2 -45 2 -45 10 -168 -169 -169 -169 -169 -170 10 -45 -1 
-1 -45 10 10 10 10 -21 0 0 0 0 0 0 0 0 0 -30 -31 -32 -171 -172 -35 10 -45 -1 
-1 -45 2 2 2 2 2 0 2 2 -45 -45 -45 -45 -45 10 -36 -37 -38|9 -173 -174 -41 10 -45 -1 
-1 -45 2 2 2 0 0 0 2 2 -45 -45 -45 -45 -45 10 10 10 0 -21 10 10 10 -45 -1 
-1 -45 -45 -45 -45 0 0 -45 -45 -45 -45 -45 -45 -45 -45 -45 2 2 0 2 2 2 2 -45 -1 
-1 -45 -45 -45 -45 -45 0 -45 -45 -45 -45 -45 -45 -45 -45 -45 -45 2 0 2 -45 -45 -45 -45 -1 
-1 -45 2 2 2 2 0 0 0 0 0 0 -45 -45 -45 -45 -45 -45 0 -45 -45 -45 -45 -45 -1 
-1 -45 -45 2 2 2 2 2 2 2 -45 0 0 0 0 0 0 0 0 2 2 2 -45 -45 -1 
-1 -45 -45 -45 2 2 2 2 2 -45 -45 0|20010 -198 -45 2 2 2 2 2 2 2 -45 -45 -45 -1 
-1 -1 -1 -1 -1 -1 -1 -1 -1 -1 -1 -99999 -1 -1 -1 -1 -1 -1 -1 -1 -1 -1 -1 -1 -1 
