15
25
-1 -1 -1 -1 -1 -1 -1 -1 -1 -1 -1 -1 -99999|20009 -1 -1 -1 -1 -1 -1 -1 -1 -1 -1 -1 -1 
-1 10 -138 -139 -139 -140 -141 -142 10 -45 -45 2 0 -45 -45 -45 -45 -45 2 -45 -45 -45 -45 -45 -1 
-1 10 -143 -144 -144 -144 -145 -146 10 2 -45 -45 0 -45 -45 -45 -45 2 2 2 -45 -45 -45 -45 -1 
-1 10 -147 -148 -149 -150 -151 -152 10 2 2 -45 0 -45 -45 -45 2 2 2 2 2 -45 -45 -45 -1 
-1 10 -153 -154|8 -155 -156 -157 -158 10 -45 2 2 0 -45 -45 2 2 2 2 2 2 2 -45 -45 -1 
-1 10 10 0 10 -21 -159 -160 10 2 -45 2 0 -45 2 2 2 2 2 2 2 2 2 -45 -1 
-1 -21 2 0 2 2 2 2 2 2 2 2 0 -45 2 2 10 10 10 10 10 10 10 10 -1 
-1 0 0 0 0 0 0 0 0 0 0 0 0 -45 2 2 10 -118 -119 -119 -119 -120 -119 -121 -1 
-1 -45 2 -45 -79 -80 -80 -80 -45 2 -45 2 0 -45 2 2 10 -122 -123 -123 -123 -123 -123 -123 -1 
-1 -45 2 2 -81 -82 -82 -82 2 -45 2 2 0 -45 2 2 10 -124 -125 -126 -127 -128 -129 -130 -1 
-1 2 -45 2 -83 -84 -84 -84 2 -45 2 -45 0 -45 2 2 -21|10013 -131 -132 -133 -134 -135|7 -136 -137 -1 
-1 -45 2 2 -85 -86 -87 -88 -45 2 2 2 0 -45 2 2 10 10 10 10 10 0 10 10 -1 
-1 2 2 -45 -89 -90|20007 -91 -92 -45 2 2 -45 0 0 0 0 0 0 0 0|10012 0 0 0 0 -1 
-1 -45 2 2 2 2 2 2 2 2 2 2 2 2 2 2 2 2 0|20006|10012 -21|10012 2|10012 2 2 2 -1 
-1 -1 -1 -1 -1 -1 -1 -1 -1 -1 -1 -1 -1 -1 -1 -1 -1 -1 -99999 -1 -1 -1 -1 -1 -1 
